125 606
138 701
162 788
189 872
226 947
280 1015
337 1074
397 1119
467 1128
539 1113
599 1062
655 1000
708 929
741 848
756 761
770 667
774 571
149 583
193 541
260 538
327 547
393 569
493 561
554 529
619 511
689 510
741 547
440 638
443 708
445 775
447 845
378 878
413 884
449 891
485 881
520 871
226 648
263 636
305 631
342 653
304 661
261 662
548 643
582 619
625 616
664 626
630 644
587 647
342 980
378 968
416 950
449 959
482 947
524 959
567 969
531 1014
491 1036
456 1041
418 1037
379 1014
362 984
416 980
451 984
484 977
549 974
488 984
454 989
419 984
